main:
MEAN:
[ 50.581225  36.593738 196.757106]
SKO:
[7.782843e-05 1.248307e-04 1.247148e+01]
FAKE_SKO:
[7.782843e-05 1.248307e-04 1.247148e+01]
More than 3 sigma:
[ 1  0 41]
COV_MATRIX:
[ 6.057264e-09 -8.807249e-09 -3.721847e-04]
[-8.807249e-09  1.558272e-08  3.583657e-04]
[-3.721847e-04  3.583657e-04  1.555378e+02]
REV_SKO:
[12848.775242     0.           0.      ]
[   0.       8010.846721    0.      ]
[0.       0.       0.080183]
COR_MATRIX:
[ 1.       -0.906526 -0.383444]
[-0.906526  1.        0.23019 ]
[-0.383444  0.23019   1.      ]
additional:
MEAN:
[ 50.581043  36.59378  197.596855]
SKO:
[6.953577e-05 6.974826e-05 5.729939e+00]
FAKE_SKO:
[6.953577e-05 6.974826e-05 5.729939e+00]
More than 3 sigma:
[ 0 35  2]
COV_MATRIX:
[ 4.835223e-09 -2.693734e-09 -2.390907e-04]
[-2.693734e-09  4.864820e-09  1.213512e-04]
[-2.390907e-04  1.213512e-04  3.283221e+01]
REV_SKO:
[14381.087462     0.           0.      ]
[    0.      14337.27453     0.     ]
[0.       0.       0.174522]
COR_MATRIX:
[ 1.       -0.555409 -0.600073]
[-0.555409  1.        0.303641]
[-0.600073  0.303641  1.      ]
difference:
MEAN:
[ 1.691789e-04 -2.162599e-05  1.090418e-01]
SKO:
[1.149260e-04 1.653894e-04 1.740347e+01]
FAKE_SKO:
[1.149260e-04 1.653894e-04 1.740347e+01]
More than 3 sigma:
[ 0  0 33]
COV_MATRIX:
[ 1.320798e-08 -1.542678e-08 -1.039230e-03]
[-1.542678e-08  2.735366e-08  8.953526e-04]
[-1.039230e-03  8.953526e-04  3.028809e+02]
REV_SKO:
[8701.253092    0.          0.      ]
[   0.       6046.336115    0.      ]
[0.      0.      0.05746]
COR_MATRIX:
[ 1.       -0.811614 -0.519586]
[-0.811614  1.        0.311064]
[-0.519586  0.311064  1.      ]
